mu: 1.3e+20
max_T: 1.33
ISP: 3872.0
TOF: 34713360.0
l_star: 149598023000
m_star: 3366.0
t_star: 5074778.662111725
g0: 9.80665
env_step_size: 86400
a_min_init_env_nd: 57910000000.0
a_max_init_env_nd: 232495000000.0
e_min_init_env: 0.0001
e_max_init_env: 0.0001
w_min_init_env_deg: 0.0
w_max_init_env_deg: 360.0
a_min_final_env_nd: 57910000000.0
a_max_final_env_nd: 232495000000.0
e_min_final_env: 0.0001
e_max_final_env: 0.0001
w_min_final_env_deg: 0.0
w_max_final_env_deg: 0.0